3,2
3,1
3,3
10,139
10,289
10,191
10,225
10,239
10,233
10,73
11,17
11,14
8,7
8,5
8,6
8,18
8,16
8,13
8,2
8,3
20,3
20,2
20,1
19,3
19,2
19,1
12,3
12,2
12,1
11,30
11,27
11,26
11,25
11,24
11,23
11,22
11,21
11,20
11,19
11,16
11,15
18,1
11,12
18,3
11,10
11,9
11,8
11,7
11,6
11,5
11,3
11,2
11,1
10,314
10,307
10,300
10,276
10,255
10,254
10,251
10,241
10,221
10,216
10,213
10,203
10,169
10,111
10,109
10,89
2,2
2,1
10,1
2,3
10,77
10,3
10,2
9,7
9,5
9,3
9,2
9,1
8,17
8,15
8,12
8,9
8,1
8,8
0,0
0,270
13,1
13,3
14,1
14,3
0,9
107,34
107,33
107,32
107,31
107,30
107,29
107,28
107,27
107,26
107,25
107,24
107,23
107,22
